1.075652241706848145e-01
9.311598539352416992e-02
1.262893676757812500e-01
8.413088321685791016e-02
1.024405211210250854e-01
1.170178651809692383e-01
9.622360765933990479e-02
7.136682420969009399e-02
7.656560093164443970e-02
8.447469770908355713e-02
8.286808431148529053e-02
1.065869256854057312e-01
7.576467841863632202e-02
9.098754823207855225e-02
1.006992980837821960e-01
8.850793540477752686e-02
9.157689660787582397e-02
1.009977385401725769e-01
9.408348798751831055e-02
8.834449946880340576e-02
1.059404164552688599e-01
8.160679042339324951e-02
9.404341131448745728e-02
1.006491109728813171e-01
8.894381672143936157e-02
9.610054641962051392e-02
8.873682469129562378e-02
9.870885312557220459e-02
1.016396507620811462e-01
1.007668524980545044e-01
1.029313579201698303e-01
1.170308515429496765e-01
9.438545256853103638e-02
1.176432147622108459e-01
1.270135194063186646e-01
1.119193360209465027e-01
1.562598943710327148e-01
1.585070192813873291e-01
1.071684509515762329e-01
1.224479153752326965e-01
1.556064337491989136e-01
1.328944861888885498e-01
1.206894740462303162e-01
1.193896606564521790e-01
1.571543216705322266e-01
1.176940649747848511e-01
1.496997922658920288e-01
1.767607778310775757e-01
1.350207328796386719e-01
1.469791680574417114e-01
1.324493736028671265e-01
1.693600565195083618e-01
1.442182809114456177e-01
1.826844662427902222e-01
1.221427470445632935e-01
1.702554523944854736e-01
1.446174085140228271e-01
1.494991928339004517e-01
1.652437746524810791e-01
